https://www.abbeyapartmenthomes.com/springfield/the-abbey-apartments/conventional/
[[0, 0, 0, 0, 2, 0, 7, 1, 0, 0, 0, 0, 0, 4, 0, 0, 0, 0, 0, 0, 0, 0, 0, 0, 0, 0, 2, 0, 0, 0], [7, 0], [0, 1, 7], [0, 0, 7, 0], [0, 4, 7, 3], [1, 6, 1, 6, 1, 6, 1, 5], [6], [6, 6, 6, 6, 6], [6], [1, 1, 1, 1, 6], [3, 1, 2, 1], [2, 3], [2], [1, 1]]

https://www.accessculvercity.com/culver-city/access-culver-city/conventional/
[[0, 0, 0, 2, 5, 9, 2, 1, 0, 0, 0, 0, 0, 4, 0, 0, 0, 0, 0, 0, 0, 0, 0, 0, 0, 5, 0, 3, 0, 0, 0, 0, 0, 0, 0], [9], [0, 9], [0, 0, 9, 1], [0, 4, 9, 2], [2, 2, 6, 8, 8, 5], [6, 8, 5, 5, 5], [7, 3], [3, 7], [0, 0, 0, 2, 3, 0, 2], [2], [2]]

https://www.aceroestrellacommons.com/goodyear/acero-estrella-commons/conventional/#/
[[0, 0, 0, 0, 2, 7, 1, 0, 0, 0, 0, 0, 4, 0, 0, 0, 0, 0, 0, 0, 0, 0, 0, 0, 1, 0, 1, 0, 0, 0, 0, 0, 0], [2, 0, 1, 7, 2], [0, 0, 7, 1], [4, 3, 6, 3], [1, 6, 1, 6, 1, 6], [6], [6, 5], [6], [0, 0, 0, 0, 6], [2, 1, 0, 2, 2, 2], [2, 2]]

https://www.acerowestsalem.com/salem-salem/acero-west-salem-apartments/conventional/
[[0, 0, 0, 0, 2, 6, 1, 0, 0, 0, 0, 0, 4, 0, 0, 1, 0, 0, 0, 0, 0, 0, 0, 0, 0, 0, 0, 0, 0, 1, 0, 0], [1, 6, 0, 2], [6], [0, 0, 6, 1], [2, 3, 6, 4], [1, 6, 1, 6], [6], [6], [6], [0, 0, 0, 0, 6], [2, 1, 0, 2, 2, 1], [2, 2]]

https://www.deerhavenapts.com/apartments/wa/wenatchee/floor-plans#/
[[1, 1, 0, 9, 0, 0, 0, 0, 0, 0, 0, 0, 0, 0, 1, 0, 2, 1, 0, 0, 0, 0, 0, 0, 0, 0, 1, 2, 0, 0, 0], [2, 8, 7, 2, 2], [5, 0, 0, 0, 6], [1, 1, 1, 0, 6], [5], [0, 0, 5], [5, 0], [5], [0, 0, 5], [0, 4, 2, 1, 0], [3], [3]]

https://www.delpradoapts.com/apartments/ca/pleasanton/floor-plans
[[1, 1, 0, 7, 1, 0, 0, 0, 0, 0, 0, 0, 0, 0, 0, 0, 0, 0, 0, 0, 0, 0, 0, 0, 1, 0, 2, 1, 0, 0, 0, 0, 0, 0, 2], [0, 5, 6, 2, 1], [0, 4, 3], [0, 0, 4], [4], [4], [4], [4], [4], [4], [0, 3, 2]]

https://columbiapointeapts.com/floor-plans/
[[0, 6, 0, 0, 0, 0, 0, 0, 0, 0], [6], [0, 1, 1, 0, 5], [4, 4, 4, 4, 4, 4, 4, 4, 4, 4, 4], [4], [4, 4]]

https://coventrygreenapts.com/floor-plans/
[[1, 4, 0, 3, 0, 0, 0, 0, 1, 0, 0, 0, 0, 0, 0, 0, 0], [4], [4], [4], [4], [4], [4, 0], [4], [4], [4], [0, 1, 4], [4], [0, 4], [4, 4, 4, 4], [4], [0, 4], [0, 2, 2]]

https://goaquaapartments.com/floor-plans/
[[0, 6, 0, 0, 0, 0, 0, 0, 0], [6], [0, 1, 0, 5], [4, 4, 4, 4, 4, 5, 4], [5], [1, 5], [1, 2, 2]]

https://gobexleyhouse.com/floor-plans/
[[1, 4, 0, 2, 0, 1, 0, 0, 0, 0, 1, 0, 0, 0, 0, 0, 0, 0, 0], [4], [4], [4], [4], [4], [4, 0], [4], [4], [4], [0, 0, 1, 0, 4], [4], [0, 0, 4], [4, 4, 4, 4, 4], [4], [0, 4], [0, 2, 2]]

https://www.thedomainoakland.com/domain-oakland-oakland-ca/floorplans
[[0, 0, 0, 2, 0, 4, 10, 1, 0, 0, 0, 0, 0, 0, 0, 0, 1, 0, 0, 0, 0, 0, 0, 0, 0, 1, 0, 0, 0, 0, 0, 0, 0, 0, 1, 0, 1, 0, 1, 2, 0, 5, 0, 0, 1, 0, 3, 0], [2, 10, 4], [10], [3, 5, 9, 3, 7, 6, 5, 1, 5], [9], [4, 9], [9], [2, 8], [8, 8, 8, 8, 1], [7, 8], [1, 8], [4, 8], [8], [0, 4, 1, 4], [0, 2, 1, 1, 0], [2, 2]]

https://dakotaaptslacey.com/floor-plans
[[0, 2, 2, 0, 0, 9, 0, 0, 0, 0, 0, 0, 0, 1, 0, 0, 2, 0, 0, 0, 0, 0, 1, 1, 1], [1, 0, 0, 0, 0, 1, 1, 0, 0, 0, 0, 1, 0, 0, 1, 9, 3, 0, 0], [0, 3, 5, 4, 7, 3, 1, 7], [0, 0, 7], [5, 4, 0]]

https://www.courtyardsontheparkapts.com/Floor-plans.aspx
[[0, 0, 1, 2, 2, 0, 0, 8, 0, 0, 0, 0, 0, 0, 0, 0, 1, 0, 0, 5, 0, 0, 1], [1, 0, 0, 0, 0, 0, 1, 1, 0, 0, 0, 0, 8, 0, 0], [8], [2, 1, 8], [0, 8, 3, 0, 0], [0, 8], [0, 8], [8], [8], [2, 8, 3, 0], [8], [8], [8, 7]]

https://rentnow.westvillagelofts.com/
[[1, 0, 1, 1, 0, 0, 1, 0, 0, 9, 0, 0, 0, 0, 0, 0, 0, 0, 0, 0, 0, 0, 0, 0, 0, 0, 2, 1, 0, 0, 0, 0, 2, 0, 0, 0, 0, 1, 0, 1, 0, 0, 0, 1, 0, 0, 0, 1, 0, 1, 0, 0, 0, 0, 1, 0, 0, 0, 1, 1, 0], [9], [9], [9], [9, 0], [9], [9], [9], [3, 9, 0], [0, 9, 2], [9], [9], [9], [4, 2, 2, 9, 0, 3, 2, 2], [9], [9], [9], [9], [9], [8, 7], [8], [0, 2, 4, 0, 4, 0, 7, 7, 5, 7, 5], [5, 7, 5], [1, 7], [7, 0], [0, 5, 2, 0, 0], [0, 0]]

https://www.argylelake.com/floor-plans
[[5, 2, 2, 3, 1, 0, 0, 0, 2, 0, 0, 0, 1, 0, 0, 1, 0, 1, 0, 0, 0, 1, 0, 0, 0, 0, 0, 0, 1, 1, 0, 1, 0, 0, 0], [5], [5], [5], [5, 0], [5], [5], [5], [2, 4, 0], [1, 3, 3], [3], [3], [3], [3], [1, 2], [2], [2], [2, 0], [2, 0, 0, 0, 0]]

https://www.vantagestpete.com/floor-plans
[[1, 0, 10, 2, 3, 1, 0, 0, 0, 2, 0, 0, 0, 0, 1, 0, 1, 0, 0, 0, 1, 0, 0, 0, 0, 0, 0, 0, 0, 0, 3, 3, 0, 0, 0, 0, 0, 0], [10], [10], [10], [10, 0], [10], [10], [10], [2, 10, 1], [1, 10, 2], [10], [10], [10], [1, 3, 9], [9], [9], [9], [9], [8, 7], [8], [0, 3, 3, 0, 4, 0, 8, 8, 8, 7, 7], [8, 8, 7, 7, 7], [1, 7], [7, 0], [0, 4, 2, 0, 1, 0], [0]]

https://www.liveatwillowshores.com/floorplans/
[[0, 1, 2, 6, 1, 3, 0, 4, 0, 0, 0, 0, 0, 0, 0], [6, 0], [4, 6], [6, 0], [1, 4, 6, 0], [6, 6, 6, 6], [6], [3, 1, 5], [5, 1], [1, 1, 3], [1]]

https://www.deckerliving.com/models
[[8, 0, 0, 0, 1, 0, 0], [0, 8, 0, 0], [3, 6, 4], [4, 3, 1, 6], [0, 6], [6, 6, 6, 6], [0, 6], [0, 2, 1, 4, 0], [1, 0, 2, 0, 1], [2]]

https://www.athenaaptsliving.com/models
[[8, 0, 0, 0, 0, 0, 1, 0, 0], [0, 8, 0, 0], [2, 6, 5], [4, 3, 1, 6], [0, 6], [6, 6], [0, 6], [0, 2, 1, 4, 0], [1, 0, 2, 0, 1], [2]]

https://www.remiliving.com/models
[[8, 0, 0, 0, 1, 0, 0], [0, 8, 0, 0], [3, 6, 4], [4, 3, 1, 6], [0, 6], [6, 6, 6, 6], [0, 6], [0, 2, 1, 4, 0], [1, 0, 2, 0, 1], [2]]

https://www.argylelake.com/floor-plans
[[1, 0, 9, 2, 2, 3, 1, 0, 0, 0, 2, 0, 0, 0, 1, 0, 0, 1, 0, 1, 0, 0, 0, 1, 0, 0, 0, 0, 0, 0, 1, 1, 0, 1, 0, 0, 0, 0], [9], [9], [9], [9, 0], [9], [9], [9], [2, 9, 1], [1, 9, 4], [9], [9], [9], [9], [1, 8], [8], [8], [2, 8], [8], [8], [7, 7], [7], [0, 2, 3, 0, 4, 0, 7, 7, 7, 7, 7], [7, 7, 7, 7, 7], [1, 7], [7, 0], [0, 5, 2, 0, 1], [0, 0]]

https://www.argylelake.com/floor-plans
[[3, 2, 15, 3, 3, 4, 1, 0, 0, 1, 3, 0, 0, 0, 2, 0, 0, 2, 0, 3, 0, 0, 0, 2, 0, 0, 0, 0, 0, 0, 3, 3, 0, 3, 0, 1, 0, 0, 0, 1, 0, 1, 1, 3], [15], [15], [15], [15, 1], [15], [15], [15], [6, 15, 1], [3, 15, 7], [15], [15], [15], [15], [3, 15], [15], [15], [5, 15], [15], [15], [13, 12], [13], [0, 2, 8, 0, 6, 0, 12, 12, 12, 12, 12], [12, 12, 12, 12, 12], [3, 9], [7, 2], [0, 5, 2, 0, 1], [0, 0]]

https://www.argylelake.com/floor-plans
[[1, 1, 0, 9, 2, 2, 3, 1, 0, 0, 0, 2, 0, 0, 0, 1, 0, 0, 1, 0, 1, 0, 0, 0, 1, 0, 0, 0, 0, 0, 0, 1, 1, 0, 1, 0, 0, 0, 0, 0, 0, 1, 0, 0, 3], [9], [9], [9], [9, 0], [9], [9], [9], [2, 9, 1], [1, 9, 4], [9], [9], [9], [9], [1, 9], [9], [9], [2, 9], [9], [9], [8, 7], [8], [0, 2, 4, 0, 4, 0, 7, 7, 7, 7, 7], [7, 7, 7, 7, 7], [1, 7], [7, 0], [0, 5, 2, 0, 1], [0, 0]]
